[option.jpg]
moddate=81f397b67507d201
width=1297
height=730
text=1;157;24;Select number of players;Tekton Pro Cond;0.284402,0.054131,0.091460,6.283185;v1,4293786081,4294309075,128.000000,1.000000,0.009346,0.953125,400,256,49152;;
textactive=1
[menu.jpg]
moddate=3daffc847607d201
width=1280
height=800
text=1;132;4;LUDO;Cooper Black;0.366070,-0.006942,0.162862,6.283185;v1,4292053811,4294309075,128.000000,1.000000,0.009346,1.000000,400,0,49152;;
textactive=1
