[war.jpg]
moddate=7ba0425f32f5d101
width=800
height=600
text=1;137;10;Loading...;Maiandra GD;0.655284,0.868189,0.099795,6.283185;v1,4294506462,4294309075,128.000000,1.000000,0.000000,1.000000,400,0,49152;;
textactive=1
